52145
5456
62778
10624
1193
53817
52005
44890
38888
4458
60823
37342
48928
2242
28691
10222
23288
59931
12920
432
17558
41795
48336
24777
40922
21353
41703
37524
57569
41014
8184
31878
22908
57751
7335
62007
26460
25284
5604
7242
20195
23862
53528
11541
37549
32643
37976
24265
8586
45699
53204
9227
3466
54067
4949
6839
995
29568
36504
40571
24625
40957
43316
24706
15177
41084
56654
41231
5961
44582
35700
10624
62919
28418
1066
61251
31331
29987
18663
64750
53634
4955
49471
25695
4458
8831
15655
15712
45237
9486
31232
7807
2454
60432
4214
50059
6773
4901
15490
19645
17355
31581
37515
25982
30154
16657
7049
53181
30573
26674
57805
3012
57790
53619
1958
49692
24079
43220
39956
65516
19056
55338
34544
27776
19863
38463
51446
12934
41050
43369
37929
8023
65446
41831
18715
20620
50245
16314
32079
60014
34408
11890
55619
41656
53170
16168
53481
12554
38955
58184
8927
56154
56982
61435
18587
42773
27710
65294
59244
10644
25798
42949
9924
23181
23834
25688
3839
8986
26223
31646
44091
2650
25792
55330
17822
22501
41061
49872
8812
12821
20949
61423
56932
44389
51776
58727
30047
57484
17647
12686
59011
61741
41338
11849
32889
42229
40705
42342
44450
27940
23059
56533
65534
40219
2823
42068
35895
43437
26221
32305
37022
62729
46641
64105
23496
62563
17755
43718
17810
63215
6976
36903
59451
46153
10909
41100
9504
8259
65258
44034
40106
3731
58190
55077
19074
36713
23634
34366
53587
57698
19685
38643
33664
33624
2557
22904
27550
42023
4832
53400
65350
38148
53466
21104
62555
20349
11325
61088
2891
51348
34862
49636
58276
2207
48966
7986
59959
37529
35471
48013
42256
61157
42857
40972
34868
29654
33077
56721
49684
5096
54802
60208
12058
56398
5194
21504
46034
22815
11459
16129
25678
40105
34831
19489
6315
43057
15334
57519
51546
19231
45028
62388
27982
48458
34577
42042
12166
42883
59815
53358
62493
34074
36020
47469
3581
14355
1253
46141
10536
57958
54387
31111
12620
3884
4815
54074
64530
35142
46232
62863
51777
59408
7431
34882
3222
32887
21608
20848
63858
36678
43665
9628
20889
50009
44612
35942
37885
55641
52118
50994
58856
29072
63968
13149
9536
16629
7629
31794
12561
62288
62461
40508
8357
41894
56470
17970
17931
31687
61032
50505
52661
31412
39223
23573
7298
23878
28724
28705
47120
23531
43205
55132
15619
46338
29546
31724
21511
33862
44699
29339
37741
3735
64169
15043
6122
44222
60275
18490
24141
49584
52855
31354
33103
28622
8832
37067
40209
63082
44841
38209
23773
5212
63270
14467
62018
28519
11703
2770
11882
43279
40731
50091
43553
29341
43741
34059
50796
63838
42525
25123
31077
27742
45402
55109
59666
3015
18833
16957
37615
12824
64814
31676
27270
34565
41882
11141
59051
7381
1836
20177
19239
37429
30359
10831
46859
36224
55615
52227
11719
33333
60172
40217
13746
53082
17716
56554
63789
60610
64352
17672
33624
46928
21748
24200
38259
34827
39429
4907
16879
53490
61546
56770
31998
37835
55262
19515
58258
25688
17046
45015
18465
26398
29193
17656
976
8748
23680
30745
29106
9366
14169
27003
25674
52638
61958
24658
21020
33886
42795
31230
39119
52752
53698
50570
46519
6749
1115
59386
2644
11424
59011
57120
33397
31904
55431
1701
48000
9209
9736
62053
38946
13457
36078
21030
9389
4865
52745
63788
30161
29631
20360
26899
37002
21840
46519
15878
13871
6956
62512
29703
40398
16018
18236
21784
9181
49778
58114
40796
60826
14378
59874
1205
32248
4665
28216
64365
37245
51912
17138
9538
1157
62396
6954
36833
32582
12233
47218
15363
35680
52594
33616
44759
11270
57483
3653
39112
8664
17150
29523
40196
29420
31754
52073
2741
21553
46348
55178
29726
6131
17783
21059
54411
43932
3000
54924
48403
35193
28838
15420
25899
55406
11427
13210
40943
65331
27503
38442
32064
57757
56287
46092
44927
47150
21866
4151
55116
19416
44358
52243
18171
58547
57768
4417
7034
27054
6633
18544
10326
48212
61510
58109
58618
60843
50097
1008
35319
23406
18439
55610
58051
26204
28519
63700
2813
18149
64068
27676
43527
33677
17312
10099
5460
57329
9709
47667
42161
58197
26971
56505
3378
42284
100
52401
41648
44202
16718
56406
19913
55634
17765
17728
63743
27786
65310
54209
23375
2898
29018
53792
50581
33298
41491
17493
58004
1693
29619
58006
58290
58616
61685
50242
5845
58854
55603
39652
22593
14656
21802
3847
48774
23984
51273
62525
33336
62001
12103
57260
51254
55128
35803
19058
10030
48598
34201
63500
37075
41103
54050
22109
34963
37266
47990
2494
7401
18016
16261
47405
2634
30612
22075
28305
26277
11823
21374
51746
38785
44082
45918
49045
35514
41575
22529
19821
57100
45434
63730
25384
3694
54190
22529
6184
46254
48766
30841
7053
45414
49880
58345
27300
24832
22310
12794
30961
15879
41729
59709
63371
28137
59539
9120
54004
37750
1642
36026
9098
35293
64863
39010
5911
46223
5147
40854
1661
28757
64576
46713
19095
65378
5980
64207
7267
25123
27354
9383
6056
53514
62850
50579
24953
40110
24009
48006
7960
49648
31146
28225
51804
27442
5679
56949
4280
22217
61788
59274
42501
57729
52304
17874
48678
31459
18479
36265
31992
3057
19971
47755
29915
22679
44011
61885
28171
25714
26369
33100
60799
11493
50622
43975
56974
43249
103
63938
2040
33699
49284
15819
37059
50054
33764
17599
23748
57781
42804
1295
55525
20760
22123
39482
25961
17207
8693
12433
46646
30570
11628
22129
40752
64416
15218
46612
2775
10187
39137
43947
38000
30253
41824
18795
2640
40903
23480
21603
10766
3382
54874
27615
15382
62885
4958
38870
59398
44839
44681
50137
7301
49808
16005
28986
13591
20553
9138
3877
31737
34984
59999
45088
42742
14482
27805
11398
14611
18274
11482
30406
39315
5420
18180
60256
55392
52474
6579
37198
14676
21862
58982
35512
51405
47062
3935
48946
3421
49977
60786
4818
55734
50975
4112
11874
55360
30634
57591
65312
33919
3561
23155
5591
22189
17303
46710
99
12533
55486
40154
37795
64769
26054
31692
63759
35049
39257
60653
45232
21954
61258
39069
47214
17615
63716
9508
45762
3191
34698
54621
25357
38984
17680
26772
45939
345
22913
10040
59750
35553
51407
21728
51496
64474
54277
15143
26586
